0 0.17171717171717174 0.3453282828282829 0.07070707070707072 0.08207070707070707
0 0.3276515151515152 0.18371212121212122 0.07196969696969698 0.07954545454545456
0 0.4924242424242425 0.2556818181818182 0.07070707070707072 0.07702020202020203
0 0.6458333333333334 0.297979797979798 0.07702020202020203 0.08585858585858587
0 0.8055555555555556 0.18560606060606064 0.08585858585858587 0.06818181818181819
1 0.17739898989898992 0.6300505050505051 0.125 0.3282828282828283
1 0.3295454545454546 0.46212121212121215 0.13131313131313133 0.34090909090909094
1 0.4911616161616162 0.5107323232323233 0.12121212121212122 0.33207070707070707
1 0.6433080808080809 0.5732323232323233 0.1148989898989899 0.34090909090909094
1 0.8087121212121213 0.5069444444444445 0.1325757575757576 0.39267676767676774
