0 0.13423423423423422 0.08018018018018018 0.11351351351351352 0.08108108108108109
0 0.25225225225225223 0.05765765765765766 0.12612612612612611 0.0936936936936937
0 0.34684684684684686 0.12522522522522522 0.07747747747747748 0.06306306306306306
0 0.44054054054054054 0.15495495495495495 0.055855855855855854 0.04684684684684685
0 0.618018018018018 0.15045045045045044 0.08648648648648649 0.06306306306306306
0 0.754954954954955 0.1891891891891892 0.11531531531531532 0.1045045045045045
1 0.21711711711711712 0.35765765765765767 0.23963963963963963 0.37657657657657656
1 0.7261261261261261 0.4486486486486487 0.1873873873873874 0.32432432432432434
1 0.618018018018018 0.3387387387387387 0.14414414414414414 0.21981981981981982
1 0.43693693693693697 0.2918918918918919 0.10990990990990991 0.17657657657657658
1 0.3567567567567568 0.2936936936936937 0.10810810810810811 0.209009009009009
1 0.08288288288288288 0.3387387387387387 0.1045045045045045 0.32432432432432434
3 0.6828828828828829 0.8774774774774775 0.23063063063063063 0.12252252252252252
3 0.23333333333333334 0.9099099099099099 0.23963963963963963 0.14054054054054055
3 0.5963963963963964 0.636936936936937 0.14414414414414414 0.15675675675675677
3 0.418018018018018 0.536036036036036 0.0972972972972973 0.07027027027027027
3 0.36396396396396397 0.6396396396396397 0.09009009009009009 0.0936936936936937
