3 0.3586683417085427 0.8636934673366834 0.07914572864321608 0.059045226130653265
3 0.6576633165829145 0.864321608040201 0.07412060301507538 0.06532663316582915
3 0.8027638190954774 0.8467336683417086 0.12311557788944724 0.07035175879396985
3 0.5992462311557789 0.7386934673366834 0.035175879396984924 0.09798994974874373
3 0.2971105527638191 0.7763819095477387 0.04899497487437186 0.07537688442211056
3 0.17587939698492464 0.8140703517587939 0.08542713567839195 0.04773869346733668
3 0.11683417085427136 0.842964824120603 0.0678391959798995 0.09547738693467336
3 0.4183417085427136 0.7889447236180904 0.035175879396984924 0.05778894472361809
3 0.3756281407035176 0.760678391959799 0.03015075376884422 0.06658291457286432
3 0.553391959798995 0.8724874371859297 0.04899497487437186 0.04648241206030151
1 0.10050251256281408 0.396356783919598 0.09045226130653267 0.31532663316582915
1 0.2562814070351759 0.43655778894472363 0.08793969849246232 0.29522613065326636
1 0.35113065326633164 0.43467336683417085 0.08668341708542714 0.27889447236180903
1 0.4836683417085427 0.5144472361809045 0.11306532663316583 0.30025125628140703
1 0.6564070351758794 0.43090452261306533 0.09170854271356783 0.2964824120603015
1 0.7085427135678392 0.3919597989949749 0.08793969849246232 0.3341708542713568
1 0.7902010050251257 0.3800251256281407 0.08542713567839195 0.3278894472361809
1 0.8580402010050251 0.3178391959798995 0.09045226130653267 0.314070351758794
1 0.5615577889447236 0.41520100502512564 0.09296482412060302 0.29020100502512564
1 0.44597989949748745 0.32474874371859297 0.05527638190954774 0.1871859296482412
0 0.09798994974874373 0.13693467336683418 0.052763819095477386 0.08040201005025126
0 0.157035175879397 0.09736180904522614 0.052763819095477386 0.06658291457286432
0 0.20979899497487436 0.14824120603015076 0.04271356783919598 0.04020100502512563
0 0.24937185929648242 0.1777638190954774 0.05402010050251256 0.06658291457286432
0 0.28391959798994976 0.12751256281407036 0.04522613065326633 0.06909547738693468
0 0.35175879396984927 0.11620603015075377 0.04773869346733668 0.06155778894472362
0 0.43090452261306533 0.05087939698492462 0.04271356783919598 0.06909547738693468
0 0.3699748743718593 0.1972361809045226 0.059045226130653265 0.08040201005025126
0 0.45791457286432163 0.1407035175879397 0.04396984924623116 0.07537688442211056
0 0.510678391959799 0.08040201005025126 0.059045226130653265 0.07788944723618091
0 0.5439698492462312 0.16771356783919597 0.04522613065326633 0.06909547738693468
0 0.589824120603015 0.11683417085427136 0.0364321608040201 0.06532663316582915
0 0.646356783919598 0.1765075376884422 0.04396984924623116 0.06909547738693468
0 0.6545226130653267 0.0728643216080402 0.04522613065326633 0.07035175879396985
0 0.7066582914572864 0.10615577889447236 0.04396984924623116 0.07160804020100503
0 0.7355527638190955 0.052763819095477386 0.04899497487437186 0.05778894472361809
0 0.7939698492462312 0.11243718592964824 0.05025125628140704 0.06909547738693468
0 0.8486180904522613 0.07349246231155779 0.05150753768844221 0.07663316582914573
