3 0.9168975069252078 0.7638504155124654 0.04709141274238227 0.06786703601108034
3 0.8310249307479224 0.7846260387811634 0.10249307479224377 0.06509695290858726
3 0.7306094182825484 0.8130193905817175 0.1038781163434903 0.06925207756232687
3 0.5983379501385041 0.8663434903047091 0.12465373961218837 0.08725761772853186
3 0.4619113573407202 0.8739612188365651 0.1260387811634349 0.0886426592797784
3 0.3095567867036011 0.9494459833795014 0.14265927977839335 0.05678670360110803
3 0.19806094182825484 0.7963988919667591 0.0664819944598338 0.09418282548476455
3 0.1440443213296399 0.9556786703601108 0.07479224376731301 0.06925207756232687
0 0.12188365650969529 0.11772853185595568 0.06925207756232687 0.08310249307479224
0 0.2188365650969529 0.1419667590027701 0.055401662049861494 0.06509695290858726
0 0.4598337950138504 0.1260387811634349 0.05263157894736842 0.07202216066481995
0 0.6301939058171745 0.13988919667590027 0.05817174515235457 0.060941828254847646
0 0.6696675900277008 0.11703601108033242 0.04293628808864266 0.054016620498614956
0 0.7271468144044322 0.17382271468144045 0.04986149584487535 0.05955678670360111
0 0.7950138504155124 0.11911357340720222 0.04986149584487535 0.06371191135734072
0 0.9002770083102493 0.16759002770083103 0.05263157894736842 0.04986149584487535
